CLM1
Ego
37.52622480,126.52288595
37.52622480,126.52288595
37.52622480,126.52288595

Target
37.5261376,126.5230265
37.52609361,126.52306812
37.5260686,126.5230883

CLM2
Ego
37.52608237,126.52307908
37.52610938,126.52305259
37.52614489,126.52302168

Target
37.52622480,126.52288728
37.52622480,126.52288728
37.52622480,126.52288728

CLM3
Ego
37.52616688,126.52295490
37.52619790,126.52292400
37.52622391,126.52290318

Target
37.52624320,126.52291511
37.52624320,126.52291511
37.52624320,126.52291511

CLM4
Ego
37.52619627,126.52301592
37.52622653,126.52298659
37.52626108,126.52294494

Target
37.52622533,126.52288595
37.52622533,126.52288595
37.52622533,126.52288595

CLM5
Ego
37.52575195,126.52172001
37.52577482,126.52175580
37.52580005,126.52179756

Target
37.52691148,126.52213859
37.52691148,126.52213859
37.52691148,126.52213859

CLM6
Ego
37.52707534,126.52198367
37.52704834,126.52201033
37.52702134,126.52203570
 
Target
37.5258914,126.5219444
37.5258914,126.5219444
37.5258914,126.5219444

ETrA1
Ego
37.5262242,126.5229013

Target
37.5260872,126.5230274

ETrA2
Ego
37.5262412,126.5229303

Target
37.5261232,126.5230388

ETrA3
Ego
37.5262242,126.5229013

Target
37.5261232,126.5230388

ETrA4
Ego
37.5262412,126.5229303

Target
37.5260992,126.5230615

ETrA5
Ego
37.5259621,126.5220662

Target
37.5258571,126.5218909

ETrA6
Ego
37.5259791,126.5220410

Target
37.5258781,126.5218707